#                  EYR
#     Geographical latitude:     -43.474
#     Geographical longitude:    172.393

# K-index values for 2016    (K9-limit = 500 nT)

STA  YR MTH DAY 1  2  3  4  5  6  7  8

EYR 2016 01 01  3  4  3  2  2  0  2  2
EYR 2016 01 02  3  2  3  2  2  2  2  1
EYR 2016 01 03  1  3  2  2  1  2  2  2
EYR 2016 01 04  2  1  2  1  1  2  2  2
EYR 2016 01 05  2  2  2  2  1  2  2  2
EYR 2016 01 06  3  2  3  4  3  2  3  2
EYR 2016 01 07  3  3  2  4  2  2  1  2
EYR 2016 01 08  2  2  2  2  3  2  2  2
EYR 2016 01 09  2  2  1  1  1  1  1  1
EYR 2016 01 10  1  2  2  2  2  2  1  2
EYR 2016 01 11  1  3  3  2  2  2  3  3
EYR 2016 01 12  3  2  3  2  2  2  2  2
EYR 2016 01 13  3  4  2  2  3  2  2  1
EYR 2016 01 14  2  2  3  3  2  2  2  2
EYR 2016 01 15  2  2  1  1  1  1  1  1
EYR 2016 01 16  1  2  1  2  2  0  1  1
EYR 2016 01 17  1  1  2  2  1  1  2  2
EYR 2016 01 18  1  0  0  0  1  0  0  2
EYR 2016 01 19  3  3  4  3  1  1  1  2
EYR 2016 01 20  2  2  2  3  4  4  3  3
EYR 2016 01 21  3  5  3  4  3  3  3  3
EYR 2016 01 22  3  3  2  3  2  1  2  2
EYR 2016 01 23  2  3  3  1  2  2  2 -1
EYR 2016 01 24 -1  2  1  1  2  2  3  1
EYR 2016 01 25 -1 -1 -1 -1 -1 -1 -1 -1
EYR 2016 01 26 -1 -1 -1 -1 -1 -1 -1 -1
EYR 2016 01 27  2  3  2  2  0  1  1  1
EYR 2016 01 28  1  1  3  3  1  1  1  1
EYR 2016 01 29  1  1  1  1  1  1  1  1
EYR 2016 01 30  1  0  2  1 -1  0  1  2
EYR 2016 01 31 -1  2  2 -1  1  1 -1 -1
EYR 2016 02 01 -1 -1 -1 -1 -1 -1 -1 -1
EYR 2016 02 02 -1 -1  1  1  1  2 -1 -1
EYR 2016 02 03  3  3  2  1  0  1  1  1
EYR 2016 02 04  1  1  1  1  3  1  1  2
EYR 2016 02 05  3  3  2  2  2  2  3  2
EYR 2016 02 06  2  2  2  2  2  1  2  2
EYR 2016 02 07 -1 -1 -1  2  2  3  1  2
EYR 2016 02 08 -1 -1 -1 -1  1  2  1  1
EYR 2016 02 09 -1 -1 -1 -1 -1 -1 -1 -1
EYR 2016 02 10 -1 -1  1  0  0  0  1  1
EYR 2016 02 11  2  1  2  2  3  1  2  3
EYR 2016 02 12 -1  2  2  3  3  1  2  2
EYR 2016 02 13  2  3  4  2  1  0  1  1
EYR 2016 02 14  1  2  2  3  2  3  1  1
EYR 2016 02 15  1  2  3  2  1  0  2  2
EYR 2016 02 16  3  2  4  4  5  4  4 -1
EYR 2016 02 17  4  3  4  2 -1 -1 -1 -1
EYR 2016 02 18  3  4  4  4  3  3  4  3
EYR 2016 02 19  2  2  3  3  3  3  3  1
EYR 2016 02 20  2  1  2  0  1  1  1  1
EYR 2016 02 21  0  2  0  0  1  0  1  0
EYR 2016 02 22  0  0  0  1  0  1  1 -1
EYR 2016 02 23  1  1  0  0  0  0  2  2
EYR 2016 02 24  2  2  2  2  2  0  1 -1
EYR 2016 02 25 -1 -1  1  2  1  0  1  2
EYR 2016 02 26  3  3  1  0  1  0  1  0
EYR 2016 02 27  0  1  1  2  0  0  1  1
EYR 2016 02 28  2  0  1  1  1  0  1  1
EYR 2016 02 29 -1 -1 -1 -1 -1 -1 -1 -1
EYR 2016 03 01  2  3  2  2  1  1  0  2
EYR 2016 03 02 -1  2  2  2  2  2  1  1
EYR 2016 03 03  1  2  2  3  2  1  1  1
EYR 2016 03 04  2  1  0  1  0  0  0  0
EYR 2016 03 05 -1 -1 -1 -1 -1 -1 -1 -1
EYR 2016 03 06 -1 -1 -1 -1 -1 -1 -1 -1
EYR 2016 03 07 -1  3  3  3  3  2  2  2
EYR 2016 03 08  1  1  1  2  2  1  1  1
EYR 2016 03 09  1  1  2  3  2  2  1 -1
EYR 2016 03 10  1  2  1  2  2  2  1  0
EYR 2016 03 11  1  3  3  3  4  2  3  2
EYR 2016 03 12  2  2  2  1  1  2  2  1
EYR 2016 03 13  1  2  2  1  1  0  0  1
EYR 2016 03 14  0  0  2  1  0  1  3  4
EYR 2016 03 15  3  3  4  3  1  2  3  2
EYR 2016 03 16  4  2  2  3  3  1  2  2
EYR 2016 03 17  2  4  3  4  2  2  2  2
EYR 2016 03 18  1  1  2  3  3  3  1  1
EYR 2016 03 19  1  2  3  5  4  3  2  0
EYR 2016 03 20  1  2  2  2  3  3  3  1
EYR 2016 03 21  2  1  3  2  1  1  1  1
EYR 2016 03 22  2  1  2  3  1  0  1  1
EYR 2016 03 23  2  2  3  2  1  1  1  1
EYR 2016 03 24  1  0  1  1  1  1  1  1
EYR 2016 03 25  2  1  0  1  1  0  0  0
EYR 2016 03 26  0  0  0  0  1  0  0  0
EYR 2016 03 27  2  3  3  2  2  3  3  1
EYR 2016 03 28  3  3  1  1  1  0  2  2
EYR 2016 03 29  3  2  2  3  2  2  1  1
EYR 2016 03 30  3  1  2  2  3  1  2  2
EYR 2016 03 31  2  2  1  1  1  1  0  0
EYR 2016 04 01  1  0  0  0  0  0  1  0
EYR 2016 04 02  2  0  0  0  2  4  4  3
EYR 2016 04 03  2  3  2  3  1  2  1  2
EYR 2016 04 04  2  1  1  1  2  0  0  1
EYR 2016 04 05  0  0  0  1  3  0  1  1
EYR 2016 04 06  1  1  1  2  3  2  1  0
EYR 2016 04 07  1  0  1  1  1 -1  2  3
EYR 2016 04 08  2  2  1  1  0  0  0  0
EYR 2016 04 09  0  0  0  0  0  0  0  0
EYR 2016 04 10  1  1  3  1  1  0  0  1
EYR 2016 04 11  0  0  0  1  1  2  1  1
EYR 2016 04 12  2  2  1  2  2  4  3  3
EYR 2016 04 13  4  2  5  3  4  3  2  2
EYR 2016 04 14  1  2  3  5  4  3  2  2
EYR 2016 04 15  2  1  0  0  0  0  0  1
EYR 2016 04 16  0  0  2  3  2  3  2  2
EYR 2016 04 17  3  4  3  2  2  3  2  1
EYR 2016 04 18  3  1  2  1  0  0  1  0
EYR 2016 04 19  0  0  0  0  0  0  0 -1
EYR 2016 04 20  0  1  1  2  0  0  0  0
EYR 2016 04 21  1  1  1  1  0  1  1  0
EYR 2016 04 22  1  1  1  2  2  2  2  2
EYR 2016 04 23  1  2  1  2  2  1  2  3
EYR 2016 04 24  2  1  2  1  2  3  3  1
EYR 2016 04 25  1  0  1  2  1  0  0  0
EYR 2016 04 26  1  0  1  1  2  0  1  2
EYR 2016 04 27  1  1  3  2  3  3  1  1
EYR 2016 04 28  1  1  1  2  1  0  0  0
EYR 2016 04 29  0  1  0  0  0  0  0  0
EYR 2016 04 30  0  1  1  1  3  2  0  1
EYR 2016 05 01  2  1  1  2  3  3  3  2
EYR 2016 05 02  3  4  2  3  2  3  3  3
EYR 2016 05 03  3  5  3  2  2  1  1  1
EYR 2016 05 04  1  1  0  2  1  1  0  0
EYR 2016 05 05  0  1  2  3  2  1  1  1
EYR 2016 05 06  1  1  1  3  4  4  4  2
EYR 2016 05 07  3  1  1  2  2  1  0  1
EYR 2016 05 08  5  5  5  5  4  5  4  4
EYR 2016 05 09  4  3  3  3  3  2  2  3
EYR 2016 05 10  2  4  4  3  3  2  2  2
EYR 2016 05 11  2  1  0  0  0  0  0  1
EYR 2016 05 12  1  1  1  1  1  0 -1 -1
EYR 2016 05 13  0  0  3  2  2  2  1  1
EYR 2016 05 14  1  1  3  3  1  0  1  2
EYR 2016 05 15  2  2  2  1  3  3  2  1
EYR 2016 05 16  2  2  3  4  3  2  2  1
EYR 2016 05 17  1  2  4  3  3  2  2  2
EYR 2016 05 18  1  2  1  2  2  1  0  0
EYR 2016 05 19  1  0  3  3  2  2  1  1
EYR 2016 05 20  2  2 -1 -1  0  0  0  1
EYR 2016 05 21  1  2  4  2  3  2  2  1
EYR 2016 05 22  1  2  2  3  2  1  0  0
EYR 2016 05 23  0  0  2  2  0  0  0  0
EYR 2016 05 24  1  0  1  3  1  0  0 -1
EYR 2016 05 25 -1 -1 -1 -1  0 -1 -1 -1
EYR 2016 05 26  0  0 -1 -1 -1 -1  0 -1
EYR 2016 05 27 -1 -1  0  1  2  1  1  1
EYR 2016 05 28  2  2  5  2  1  2  2  2
EYR 2016 05 29  1  2  2  2  0  0  1  2
EYR 2016 05 30  3  2 -1 -1 -1  3  1  1
EYR 2016 05 31  1  1  3  2  1  2  2  2
EYR 2016 06 01  1  1  2  1  2  1  0  1
EYR 2016 06 02 -1 -1  0  1  0  0  0  0
EYR 2016 06 03  0  0  0  0  0  0  0  0
EYR 2016 06 04  0  0  0  0  0  0  0  1
EYR 2016 06 05  1  1  2  3  4  2  3  2
EYR 2016 06 06  3  6  4  5  4  2  2  1
EYR 2016 06 07  1  1  1  3  1  0  2  1
EYR 2016 06 08  1  2  0  3  2  0  0  0
EYR 2016 06 09  1  1  0  0  1  0  0  0
EYR 2016 06 10  0  0  0  1  2  1  1  1
EYR 2016 06 11  2  1  1  1  1  1  1  2
EYR 2016 06 12  0  1  2  1  1  2  2  1
EYR 2016 06 13  2  3  0  3  2  0  0  1
EYR 2016 06 14  2  1  1  2  1  2  4  3
EYR 2016 06 15  3  2  2  2  2  2  0  0
EYR 2016 06 16  1  0  0  1  2  1  0  1
EYR 2016 06 17  0  1  2  3  3  1  1  0
EYR 2016 06 18  1  2  2  2  2  1  0  1
EYR 2016 06 19  2  2  1  0  1  2  0  0
EYR 2016 06 20  1  1  1  0  0  0  0  0
EYR 2016 06 21  0  0  0  0  0  0 -1 -1
EYR 2016 06 22  0  1  0  1  2 -1 -1 -1
EYR 2016 06 23 -1 -1 -1 -1 -1 -1 -1 -1
EYR 2016 06 24  2 -1  3  3  2  1  1  2
EYR 2016 06 25  3  2  2  1  1  1  1  2
EYR 2016 06 26  1  1  2  2  2  3  1  2
EYR 2016 06 27  2  2  3  1  1  0 -1 -1
EYR 2016 06 28  2  3  2  2 -1 -1 -1  0
EYR 2016 06 29 -1 -1  1  1  0  0  0  0
EYR 2016 06 30  0  0  0  1  0  0  2  2
EYR 2016 07 01  1  2  3  3  1  0  0  0
EYR 2016 07 02  0  0  1  1  1  0  1  2
EYR 2016 07 03  2  1  1  2  0  2  1  1
EYR 2016 07 04  1  1  3  2  0  0  1  0
EYR 2016 07 05  0 -1  0  0  0  0  0  0
EYR 2016 07 06  0  0  0  1  0  0  0  1
EYR 2016 07 07  2  2  3  3  2  2  2  3
EYR 2016 07 08  2  2  3  4  4  3  2  1
EYR 2016 07 09  2  1  4  2  3  2  1  1
EYR 2016 07 10  2  1  2  3  2  1  1  1
EYR 2016 07 11  2  2  1  2  2  1  2  2
EYR 2016 07 12  1  3  4  3  2  1  1  2
EYR 2016 07 13  2  2  2  2  2  1  1  1
EYR 2016 07 14  1  2  3  3  2  2  1  1
EYR 2016 07 15  2  3  3  3  1  2  1  1
EYR 2016 07 16  3  1  1  2  3  1  0  1
EYR 2016 07 17  1  1  1  2  1  1  0  0
EYR 2016 07 18  0  0  1  1  0  0  0  0
EYR 2016 07 19  0  0  0  0  0  1  0 -1
EYR 2016 07 20  3  3  4  1  1  1  1  0
EYR 2016 07 21  0  0  1  0  0  1  0  1
EYR 2016 07 22  0  0  2  2  2  2  2  1
EYR 2016 07 23  1  2  3  2  1  0  0  1
EYR 2016 07 24  2  0  0  1  1  2  3 -1
EYR 2016 07 25  3  3  4  5  4  3  2  1
EYR 2016 07 26  0  1  0  0  2  1  0  0
EYR 2016 07 27  1  0  0  0  0  0 -1 -1
EYR 2016 07 28 -1 -1 -1 -1 -1 -1 -1 -1
EYR 2016 07 29 -1 -1 -1 -1 -1 -1 -1 -1
EYR 2016 07 30 -1 -1 -1 -1 -1 -1 -1 -1
EYR 2016 07 31 -1 -1 -1 -1 -1 -1 -1 -1
EYR 2016 08 01 -1 -1 -1 -1 -1 -1 -1 -1
EYR 2016 08 02 -1 -1 -1  1  1  2  3  3
EYR 2016 08 03  3  3  4  5  4  3  3  2
EYR 2016 08 04  3  3  4  3  3  3  2  2
EYR 2016 08 05  2  3  3  4  3  2  1  2
EYR 2016 08 06  2  1  3  4  2  1  1  2
EYR 2016 08 07  3  1  1  0  2  2  1  2
EYR 2016 08 08  2  1  2  2  3  3  2  1
EYR 2016 08 09  1  2  1  4  3  3  2  2
EYR 2016 08 10  2  2  4  4  2  2  2  2
EYR 2016 08 11 -1  1  1  2  1  2  2  2
EYR 2016 08 12  3 -1  3  3  2  2  1  1
EYR 2016 08 13  2  1  2  1  2 -1 -1  1
EYR 2016 08 14  1  0  1  0  1  0  0  0
EYR 2016 08 15  0 -1  2  1  0  0  0  0
EYR 2016 08 16  0  0  0  0  2  0  0  1
EYR 2016 08 17  2  3  2  0  2  0  1  2
EYR 2016 08 18  2  2  1  0  2  1  0  1
EYR 2016 08 19  0  0  2  1  2  0  1  0
EYR 2016 08 20  1  1  2  1  0  0  0  0
EYR 2016 08 21 -1 -1  0  1  1  3  1  1
EYR 2016 08 22  1  1  1  1  1  1  1 -1
EYR 2016 08 23  1  2  0  2  4  2  4  3
EYR 2016 08 24  3  3  1  3  4  1  1  3
EYR 2016 08 25  1  1  3  3  2  2  2  3
EYR 2016 08 26  2  1  0  0  1  2  1  1
EYR 2016 08 27  1  3  0  2 -1 -1  1  0
EYR 2016 08 28  0  0  0  2  0  0  0  0
EYR 2016 08 29 -1 -1  0  1  2  1  1  1
EYR 2016 08 30  2  2  2  2  3  3  3  2
EYR 2016 08 31  2  1  1  0  1  0  2  1
EYR 2016 09 01  3  2  4  3  3  3  3  3
EYR 2016 09 02  4  5  2  3  4  3  3  4
EYR 2016 09 03  3  4  5  4  4  4  3  3
EYR 2016 09 04  2  3  4  4  3  3  3  3
EYR 2016 09 05  1  4  3  3  1  2  3  2
EYR 2016 09 06  2  2  3  1  1  1  2  1
EYR 2016 09 07 -1  2  0  3  3  3  1  1
EYR 2016 09 08  2  3  3  4  4  2  1  1
EYR 2016 09 09  1  0  0  0  1  0  0 -1
EYR 2016 09 10  1  1  1  1  0  0  0  1
EYR 2016 09 11  0  0  0  1  2  1  1  1
EYR 2016 09 12  2  2  1  1  1  0  0  0
EYR 2016 09 13  1  1  1  2  0  0  1  0
EYR 2016 09 14  1  1  1  2  3  2  1  2
EYR 2016 09 15  2  2  2  1  1  0  1  1
EYR 2016 09 16  0  0  0  1  0  0  1  0
EYR 2016 09 17  2  0  0  2  0  0  0  0
EYR 2016 09 18  1  1  1  3  3  3  1  1
EYR 2016 09 19  1  0  3  3  3  2  1  2
EYR 2016 09 20  3  3  3  4  1  2  2  1
EYR 2016 09 21  3  2  2  2  1  0  0  0
EYR 2016 09 22  2  2  2  0  0  0  0  0
EYR 2016 09 23  0  2  1  0  0  0  1  1
EYR 2016 09 24  1  1  1  0  0  0  1  1
EYR 2016 09 25  2  3  1  4  3  2  3  2
EYR 2016 09 26  2  2  3  3  3  3  3  3
EYR 2016 09 27  3  2  3  5  3  4  2  2
EYR 2016 09 28  3  3  3  5  4  4  4  4
EYR 2016 09 29  3  4  5  5  4  3  2  2
EYR 2016 09 30  3  3  3  3  2  2  3  1
EYR 2016 10 01  2  4  2  3  2  2  3  2
EYR 2016 10 02  2  2  3  2  3  2  3  3
EYR 2016 10 03 -1  3  2  1  2  2  2  2
EYR 2016 10 04  2  4  2  4  4  2  2  2
EYR 2016 10 05 -1 -1  3  3  1  1  1  1
EYR 2016 10 06  1  2  1  0  0  2  1  1
EYR 2016 10 07  1  1  1  0  1  1  1  1
EYR 2016 10 08  1  2  1  3  1  1  1  1
EYR 2016 10 09  0  0  1  1  2  1  2  1
EYR 2016 10 10  2  2  3  1  1  2  2  0
EYR 2016 10 11  0  1  1  1  0  0  0  1
EYR 2016 10 12  1  1  0  0  0  0  1  2
EYR 2016 10 13  3  2  4  3  5  5  3  2
EYR 2016 10 14  3  2  3  2  1  1  1  1
EYR 2016 10 15  1  1  2  2  2  2  3  3
EYR 2016 10 16  1  1  4  4  3  2  3  3
EYR 2016 10 17  3  3  3  4  2  3  3  2
EYR 2016 10 18  2  3  2  2  2  1  1  1
EYR 2016 10 19  2  1  1  2  0  1  1  0
EYR 2016 10 20  2  0  0  0  0  0  1  0
EYR 2016 10 21  0  1  0  0  0  0  1  0
EYR 2016 10 22  1  1  1  2  2  2  2  1
EYR 2016 10 23  0  3  3  1  2  1  2  1
EYR 2016 10 24  3  2  3  2  4  2  1  1
EYR 2016 10 25  2  3  3  4  5  4  3  4
EYR 2016 10 26  4  5  4  4  3  4  3  3
EYR 2016 10 27  3  4  3  3  3  3  3  1
EYR 2016 10 28  2  2  3  3  2  2  3  3
EYR 2016 10 29  2  4  4  3  3  2  2  1
EYR 2016 10 30  3  3  3  3  4  2  2  1
EYR 2016 10 31  1  2  2  2  1  2  1  0
EYR 2016 11 01  1  1  1  3  3  1  2  2
EYR 2016 11 02  3  1  1  2  3  2  1  2
EYR 2016 11 03  2  3  4  4  3  2  2  2
EYR 2016 11 04  1  2  1  1  0  0  1  0
EYR 2016 11 05  1  1  1  0  0  0  1  0
EYR 2016 11 06  1  2  2  1  3  0  0  1
EYR 2016 11 07  1  1  2  1  1  1  0  0
EYR 2016 11 08  0  0  0  1  2  0  1  1
EYR 2016 11 09  0  0  3  2  1  0  2  2
EYR 2016 11 10 -1  3  2  3  3  4  2  2
EYR 2016 11 11  2  1  1  2  1  2  2  3
EYR 2016 11 12  2  4  2  4  4  2  3  3
EYR 2016 11 13  3  3  2  3  3  2  3  2
EYR 2016 11 14  2  1  2  3  2  2  1  2
EYR 2016 11 15  2  2  2  2  3  1  1  0
EYR 2016 11 16  1  1  1  0  0  0  1  1
EYR 2016 11 17  1  1  1  0  0  0  1  1
EYR 2016 11 18  1  1  0  0  0  1  0  0
EYR 2016 11 19  0  0  0  0  0  1  1  0
EYR 2016 11 20  0  1  1  2  1  0  1  1
EYR 2016 11 21  1  2  1  1  2  2  3  1
EYR 2016 11 22  2  1  2  2  2  3  4  3
EYR 2016 11 23  2  2  2  2  1  1  1  1
EYR 2016 11 24  2  2  3  3  4  3  3  2
EYR 2016 11 25  3  4  4  3  4  3  3  2
EYR 2016 11 26  2  3  2  2  2  2  2  2
EYR 2016 11 27  2  2  2  2  2  1  1  1
EYR 2016 11 28  1  1  1  0  2  1  1  1
EYR 2016 11 29  1  1  0  1  1  0  1 -1
EYR 2016 11 30  1  1  1  0  0  1  0  2
EYR 2016 12 01  1  3  2  1  0  0  0  0
EYR 2016 12 02  0  1  1  1  1  0  0  0
EYR 2016 12 03  0  0  1  0  0  0  1  0
EYR 2016 12 04  0  1  0  0  0  0  1  1
EYR 2016 12 05  2  2  0  0  1  1  2  2
EYR 2016 12 06  1  1  2  2  4  1  1  2
EYR 2016 12 07  1  2  3  2  1  3  4  3
EYR 2016 12 08  3 -1  2  3  3 -1  3 -1
EYR 2016 12 09  2  3  3  3  2  3  3  3
EYR 2016 12 10  3  2  2  3  3  2  2  1
EYR 2016 12 11  3  3  2  3  1  2  2  1
EYR 2016 12 12  2  2  2  0  1  2  1  1
EYR 2016 12 13  1  1  1  1  1  1  0  1
EYR 2016 12 14  1  1  1  2  1  1  2  1
EYR 2016 12 15  1  1  1  1  1  0  1  1
EYR 2016 12 16  2  1  0  0  0  0  1  1
EYR 2016 12 17  1  0  1  1  2  1  3  3
EYR 2016 12 18  3  3  2  1  2  1  1  1
EYR 2016 12 19  2  3  2  1  1  1  2  1
EYR 2016 12 20  2  2  2  2  1  2  1  2
EYR 2016 12 21  2  2  2  3  4  4  3  3
EYR 2016 12 22  4  4  3  3  2  3  3  2
EYR 2016 12 23  2  4  3  3  3  3  3  3
EYR 2016 12 24  2  2  3  2  3  2  2  2
EYR 2016 12 25  3  3  1  4  4  3  3  2
EYR 2016 12 26  3  3  3  2  3  2  2  2
EYR 2016 12 27  2  3  2  2  1  1  2  1
EYR 2016 12 28  1  1  1  1  1  1  1  1
EYR 2016 12 29  1  1  1  2  2  2  0  0
EYR 2016 12 30  1  1  0  1  1  1  1  1
EYR 2016 12 31  1  2  1  3  4  2  3  1
